subckt NAND2XL Y A B VDD GND
mn0 (net22 B GND GND) n_p9_hpculvt m=1 mf=1 w=200n l=30n nf=1 ad=15f \
        as=15f pd=550n ps=550n sa=75n sb=75n sd=0 sca=58.0552 scb=30.1749m \
        scc=7.4422m mis_flag=1 nrd=965.517m nrs=965.517m cctg_flag=1 \
        rdscon_flag=1 rgate_flag=1
mn1 (Y A net22 GND) n_p9_hpculvt m=1 mf=1 w=200n l=30n nf=1 ad=15f as=15f \
        pd=550n ps=550n sa=75n sb=75n sd=0 sca=58.0552 scb=30.1749m \
        scc=7.4422m mis_flag=1 nrd=965.517m nrs=965.517m cctg_flag=1 \
        rdscon_flag=1 rgate_flag=1
mp0 (Y A VDD VDD) p_p9_hpculvt m=1 mf=1 w=1.08u l=30n nf=1 ad=81f as=81f \
        pd=2.31u ps=2.31u sa=75n sb=75n sd=0 sca=13.4363 scb=7.97447m \
        scc=1.45098m mis_flag=1 nrd=651.163m nrs=651.163m cctg_flag=1 \
        rdscon_flag=1 rgate_flag=1
mp1 (Y B VDD VDD) p_p9_hpculvt m=1 mf=1 w=1.08u l=30n nf=1 ad=81f as=81f \
        pd=2.31u ps=2.31u sa=75n sb=75n sd=0 sca=13.4363 scb=7.97447m \
        scc=1.45098m mis_flag=1 nrd=651.163m nrs=651.163m cctg_flag=1 \
        rdscon_flag=1 rgate_flag=1
ends NAND2XL
