subckt NOR3X1 Y A B C VDD GND 
NM2 (Y C GND GND) n_p9_hpculvt m=1 mf=1 w=100n l=30n nf=1 ad=7.5f as=7.5f \
        pd=350n ps=350n sa=75n sb=75n sd=0 sca=93.2401 scb=35.2443m \
        scc=11.7056m mis_flag=1 cctg_flag=1 rdscon_flag=1 rgate_flag=1
NM1 (Y B GND GND) n_p9_hpculvt m=1 mf=1 w=100n l=30n nf=1 ad=7.5f as=7.5f \
        pd=350n ps=350n sa=75n sb=75n sd=0 sca=93.2401 scb=35.2443m \
        scc=11.7056m mis_flag=1 cctg_flag=1 rdscon_flag=1 rgate_flag=1
NM0 (Y A GND GND) n_p9_hpculvt m=1 mf=1 w=100n l=30n nf=1 ad=7.5f as=7.5f \
        pd=350n ps=350n sa=75n sb=75n sd=0 sca=93.2401 scb=35.2443m \
        scc=11.7056m mis_flag=1 cctg_flag=1 rdscon_flag=1 rgate_flag=1
PM2 (net6 A VDD net17) p_p9_hpculvt m=1 mf=1 w=3u l=30n nf=1 ad=225f \
        as=225f pd=6.15u ps=6.15u sa=75n sb=75n sd=0 sca=5.01945 \
        scb=2.87125m scc=522.353u mis_flag=1 cctg_flag=1 rdscon_flag=1 \
        rgate_flag=1
PM1 (net7 B net6 net17) p_p9_hpculvt m=1 mf=1 w=3u l=30n nf=1 ad=225f \
        as=225f pd=6.15u ps=6.15u sa=75n sb=75n sd=0 sca=5.01945 \
        scb=2.87125m scc=522.353u mis_flag=1 cctg_flag=1 rdscon_flag=1 \
        rgate_flag=1
ends NOR3X1
