subckt NAND2X1 Y A B VDD GND
mn0 (net22 B GND GND) n_p9_hpculvt m=1 mf=1 w=555n l=60n nf=3 ad=32.375f \
        as=32.375f pd=1.09u ps=1.09u sa=75n sb=75n sd=100n sca=61.5385 \
        scb=31.0312m scc=7.92426m mis_flag=1 nrd=965.517m nrs=965.517m \
        cctg_flag=1 rdscon_flag=1 rgate_flag=1
mn1 (Y A net22 GND) n_p9_hpculvt m=1 mf=1 w=555n l=60n nf=3 ad=32.375f \
        as=32.375f pd=1.09u ps=1.09u sa=75n sb=75n sd=100n sca=61.5385 \
        scb=31.0312m scc=7.92426m mis_flag=1 nrd=965.517m nrs=965.517m \
        cctg_flag=1 rdscon_flag=1 rgate_flag=1
mp0 (Y A VDD VDD) p_p9_hpculvt m=1 mf=1 w=1.005u l=30n nf=3 ad=58.625f \
        as=58.625f pd=1.69u ps=1.69u sa=75n sb=75n sd=100n sca=38.4615 \
        scb=22.979m scc=4.65525m mis_flag=1 nrd=651.163m nrs=651.163m \
        cctg_flag=1 rdscon_flag=1 rgate_flag=1
mp1 (Y B VDD VDD) p_p9_hpculvt m=1 mf=1 w=1.005u l=30n nf=3 ad=58.625f \
        as=58.625f pd=1.69u ps=1.69u sa=75n sb=75n sd=100n sca=38.4615 \
        scb=22.979m scc=4.65525m mis_flag=1 nrd=651.163m nrs=651.163m \
        cctg_flag=1 rdscon_flag=1 rgate_flag=1
ends NAND2X1
