subckt OA21X1 Y A0 A1 B0 VDD GND
NM2 (net89 B0 net88 GND) n_p9_hpculvt m=1 mf=1 w=3.705u l=60n nf=3 \
        ad=216.125f as=216.125f pd=5.29u ps=5.29u sa=75n sb=75n sd=100n \
        sca=11.8343 scb=6.97444m scc=1.26887m mis_flag=1 nrd=538.462m \
        nrs=538.462m cctg_flag=1 rdscon_flag=1 rgate_flag=1
mn3 (Y net89 GND GND) n_p9_hpculvt m=1 mf=1 w=3.705u l=60n nf=3 \
        ad=216.125f as=216.125f pd=5.29u ps=5.29u sa=75n sb=75n sd=100n \
        sca=11.8343 scb=6.97444m scc=1.26887m mis_flag=1 nrd=538.462m \
        nrs=538.462m cctg_flag=1 rdscon_flag=1 rgate_flag=1
NM1 (net88 A1 GND GND) n_p9_hpculvt m=1 mf=1 w=3.705u l=60n nf=3 \
        ad=216.125f as=216.125f pd=5.29u ps=5.29u sa=75n sb=75n sd=100n \
        sca=11.8343 scb=6.97444m scc=1.26887m mis_flag=1 nrd=538.462m \
        nrs=538.462m cctg_flag=1 rdscon_flag=1 rgate_flag=1
NM0 (net88 A0 GND GND) n_p9_hpculvt m=1 mf=1 w=3.705u l=60n nf=3 \
        ad=216.125f as=216.125f pd=5.29u ps=5.29u sa=75n sb=75n sd=100n \
        sca=11.8343 scb=6.97444m scc=1.26887m mis_flag=1 nrd=538.462m \
        nrs=538.462m cctg_flag=1 rdscon_flag=1 rgate_flag=1
PM2 (net89 A1 net90 VDD) p_p9_hpculvt m=1 mf=1 w=3.51u l=30n nf=3 \
        ad=204.75f as=204.75f pd=5.03u ps=5.03u sa=75n sb=75n sd=100n \
        sca=12.4572 scb=7.36169m scc=1.33937m mis_flag=1 nrd=358.974m \
        nrs=358.974m cctg_flag=1 rdscon_flag=1 rgate_flag=1
mp3 (Y net89 VDD VDD) p_p9_hpculvt m=1 mf=1 w=3.51u l=30n nf=3 ad=204.75f \
        as=204.75f pd=5.03u ps=5.03u sa=75n sb=75n sd=100n sca=12.4572 \
        scb=7.36169m scc=1.33937m mis_flag=1 nrd=358.974m nrs=358.974m \
        cctg_flag=1 rdscon_flag=1 rgate_flag=1
PM0 (net89 B0 VDD VDD) p_p9_hpculvt m=1 mf=1 w=3.51u l=30n nf=3 ad=204.75f \
        as=204.75f pd=5.03u ps=5.03u sa=75n sb=75n sd=100n sca=12.4572 \
        scb=7.36169m scc=1.33937m mis_flag=1 nrd=358.974m nrs=358.974m \
        cctg_flag=1 rdscon_flag=1 rgate_flag=1
PM1 (net90 A0 VDD VDD) p_p9_hpculvt m=1 mf=1 w=3.51u l=30n nf=3 ad=204.75f \
        as=204.75f pd=5.03u ps=5.03u sa=75n sb=75n sd=100n sca=12.4572 \
        scb=7.36169m scc=1.33937m mis_flag=1 nrd=358.974m nrs=358.974m \
        cctg_flag=1 rdscon_flag=1 rgate_flag=1
ends OA21X1
